# Numerical-Linear-Algebra-Method
This Repository is my fortran code for numerical linear algebra

## column norm and trace
input: make
output:
 The input matrix is:
   2.00000000       1.00000000       1.00000000       0.00000000    
   4.00000000       3.00000000       3.00000000       1.00000000    
   8.00000000       7.00000000       9.00000000       5.00000000    
   6.00000000       7.00000000       9.00000000       8.00000000    
 The trace of this matrix is    22.0000000    
 The norm of column           1 =   10.9544516    
 The norm of column           2 =   10.3923044    
 The norm of column           3 =   13.1148767    
 The norm of column           4 =   9.48683262  
 
## Gaussian Elimination 
input: make
an m × m square matrix A
an m × n non-square matrix B which contains the n many RHS vectors of dimension m 
For example:
 The matrix A is:
   2.00000000       4.00000000       8.00000000       6.00000000    
   1.00000000       3.00000000       7.00000000       7.00000000    
   1.00000000       3.00000000       9.00000000       9.00000000    
   0.00000000       1.00000000       5.00000000       8.00000000    
 The matrix B is:
   3.00000000       0.00000000    
   6.00000000       1.00000000    
   10.0000000       2.00000000    
   1.00000000      -3.00000000    
 The matrix A after gauss elimination is:
   2.00000000       4.00000000       8.00000000       6.00000000    
   0.00000000       1.00000000       3.00000000       4.00000000    
   0.00000000       0.00000000       2.00000000       2.00000000    
   0.00000000       0.00000000       0.00000000       2.00000000    
 The solution vector is:
  -14.7500000      -8.50000000    
   2.25000000       2.00000000    
   5.75000000       3.00000000    
  -3.75000000      -2.50000000     

## LU decomposition
input is:make
an m × m square matrix A
output is:
 The matrix A is:
   2.0000000000000000        4.0000000000000000        8.0000000000000000        6.0000000000000000     
   1.0000000000000000        3.0000000000000000        7.0000000000000000        7.0000000000000000     
   1.0000000000000000        3.0000000000000000        9.0000000000000000        9.0000000000000000     
   0.0000000000000000        1.0000000000000000        5.0000000000000000        8.0000000000000000      
 The matrix A after LU decomposition is:
   2.0000000000000000        4.0000000000000000        8.0000000000000000        6.0000000000000000     
  0.50000000000000000        1.0000000000000000        3.0000000000000000        4.0000000000000000     
  0.50000000000000000        1.0000000000000000        2.0000000000000000        2.0000000000000000     
   0.0000000000000000        1.0000000000000000        1.0000000000000000        2.0000000000000000     
 The Lower Triangular is:
   1.0000000000000000        0.0000000000000000        0.0000000000000000        0.0000000000000000     
  0.50000000000000000        1.0000000000000000        0.0000000000000000        0.0000000000000000     
  0.50000000000000000        1.0000000000000000        1.0000000000000000        0.0000000000000000     
   0.0000000000000000        1.0000000000000000        1.0000000000000000        1.0000000000000000     
 The Upper Triangular is:
   2.0000000000000000        4.0000000000000000        8.0000000000000000        6.0000000000000000     
   0.0000000000000000        1.0000000000000000        3.0000000000000000        4.0000000000000000     
   6.9169190417774516E-323   0.0000000000000000        2.0000000000000000        2.0000000000000000     
   0.0000000000000000        0.0000000000000000        0.0000000000000000        2.0000000000000000     

 
 ## QR decomposition
 
 ## Cholesky decomposition
 
 ## Householder trasformation
  The matrix A is:
   5.00000000       4.00000000       1.00000000       1.00000000    
   4.00000000       5.00000000       1.00000000       1.00000000    
   1.00000000       1.00000000       4.00000000       2.00000000    
   1.00000000       1.00000000       2.00000000       4.00000000    
 Reduction to Hessenberg form of a symetric matrix A:
   5.00000000      -4.24264145       1.50148139E-07   1.84392519E-08
  -4.24264145       6.00000143       1.41421330      -7.23126448E-09
   1.50148139E-07   1.41421342       4.99999905       6.85535042E-08
   1.84392519E-08   7.70624382E-08   1.69274443E-07   2.00000000   
   
   ## QR with and without shift
   using QR with shift and without shift to compute eigenvalue
   
   ## Inverse Iteration method
   Using inverse iteration to calculate the corresponding eigenvectors
   input:
  please input estimated eigvalues(please make clean every time for use):
7.9329  
 The matrix A is:
   2.00000000       1.00000000       3.00000000       4.00000000    
   1.00000000      -3.00000000       1.00000000       5.00000000    
   3.00000000       1.00000000       6.00000000      -2.00000000    
   4.00000000       5.00000000      -2.00000000      -1.00000000    
 The inverse matrix of A:
 -0.244718343      0.290492982      0.139084503      0.195422530    
  0.290492952     -0.272887349     -0.100352108      -1.76057033E-03
  0.139084503     -0.100352116       7.92253613E-02 -0.103873238    
  0.195422545      -1.76056824E-03 -0.103873238      -1.93662047E-02
 *************please be patient,it need some time to run to get result********************
 eigenvector corresponding to estimated eigvalue you input:
  0.375247061    
   7.67587349E-02
  0.920594752    
  -7.61780739E-02
  
  ## 
  Gauss-Jacobi:input 1
  Gauss Seidel input 2
./a.a
  -7.61780739E-02uao
  -7.61780739E-02uau
  -7.61780739E-02ua
